D = [0.02516697505755723, -0.008433140682974183, -0.006206234633362943, 0.013353406113471404, 0.0]
K = [425.34034967284947, 0.0, 634.9863452772069, 0.0, 433.8778204487872, 205.28797237933316, 0.0, 0.0, 1.0]
R = [1.0, 0.0, 0.0, 0.0, 1.0, 0.0, 0.0, 0.0, 1.0]
P = [429.3383483886719, 0.0, 675.2926984059159, 0.0, 0.0, 447.51373291015625, 194.46544651523254, 0.0, 0.0, 0.0, 1.0, 0.0]
FACTORY


[image]

width
1280

height
720

[narrow_stereo]

camera matrix
425.340350 0.000000 634.986345
0.000000 433.877820 205.287972
0.000000 0.000000 1.000000

distortion
0.025167 -0.008433 -0.006206 0.013353 0.000000

rectification
1.000000 0.000000 0.000000
0.000000 1.000000 0.000000
0.000000 0.000000 1.000000

projection
429.338348 0.000000 675.292698 0.000000
0.000000 447.513733 194.465447 0.000000
0.000000 0.000000 1.000000 0.000000

**** Calibrating ****
mono pinhole calibration...
D = [0.017670007287710596, -0.046994953041841606, 0.02029043170060132, 0.055418382452830255, 0.0]
K = [1256.6378230309915, 0.0, 874.5035783938879, 0.0, 1210.6014953868814, 510.9259098496774, 0.0, 0.0, 1.0]
R = [1.0, 0.0, 0.0, 0.0, 1.0, 0.0, 0.0, 0.0, 1.0]
P = [1151.5538330078125, 0.0, 930.7198542404367, 0.0, 0.0, 1232.3038330078125, 517.5497818287404, 0.0, 0.0, 0.0, 1.0, 0.0]
None
# oST version 5.0 parameters


[image]

width
1280

height
720

[narrow_stereo]

camera matrix
1256.637823 0.000000 874.503578
0.000000 1210.601495 510.925910
0.000000 0.000000 1.000000

distortion
0.017670 -0.046995 0.020290 0.055418 0.000000

rectification
1.000000 0.000000 0.000000
0.000000 1.000000 0.000000
0.000000 0.000000 1.000000

projection
1151.553833 0.000000 930.719854 0.000000
0.000000 1232.303833 517.549782 0.000000
0.000000 0.000000 1.000000 0.000000

[image]

width
1280

height
720

[narrow_stereo]

camera matrix
1591.209799 0.000000 824.758234
0.000000 1635.883465 447.628359
0.000000 0.000000 1.000000

distortion
0.564933 -1.308841 0.050924 0.045896 0.000000

rectification
1.000000 0.000000 0.000000
0.000000 1.000000 0.000000
0.000000 0.000000 1.000000

projection
1634.833496 0.000000 852.110105 0.000000
0.000000 1729.398438 462.140297 0.000000
0.000000 0.000000 1.000000 0.000000

[image]

width
1280

height
720

[narrow_stereo]

camera matrix
4564.652607 0.000000 709.934931
0.000000 24926.660760 318.063709
0.000000 0.000000 1.000000

distortion
-1.064448 -47.491892 0.003769 -0.097731 0.000000

rectification
1.000000 0.000000 0.000000
0.000000 1.000000 0.000000
0.000000 0.000000 1.000000

projection
4381.434570 0.000000 687.636371 0.000000
0.000000 25064.980469 318.012491 0.000000
0.000000 0.000000 1.000000 0.000000


***FACTORY***
k:
- 900.7150268554688
- 0.0
- 652.2869262695312
- 0.0
- 900.1925048828125
- 358.359619140625
- 0.0
- 0.0
- 1.0

Pitch: 9.36 degrees
Roll: -1.40 degrees
Rotation Matrix:
[[ 0.99969937 -0.00398813 -0.02419207]
 [ 0.          0.98668261 -0.16265741]
 [ 0.0245186   0.16260851  0.98638598]]


